3,2
3,1
3,3
10,249
10,137
10,223
10,98
10,218
10,251
9,6
9,4
8,17
8,4
8,6
25,3
25,2
25,1
25,0
20,3
20,2
20,1
19,3
19,2
19,1
18,3
18,1
14,3
14,1
13,3
13,1
12,3
12,2
12,1
11,28
11,27
11,26
11,25
11,24
11,23
11,22
11,21
11,20
11,19
11,18
11,17
11,16
11,15
11,14
11,13
11,12
11,11
11,10
11,9
11,8
11,7
11,6
11,5
11,4
11,3
11,2
11,1
10,302
10,300
10,299
10,296
10,295
10,294
10,293
10,286
10,282
10,281
10,278
10,276
10,274
10,269
10,268
10,265
10,260
10,259
10,256
10,254
10,245
10,243
10,240
10,236
10,235
10,231
10,195
10,158
10,148
10,147
